# Phoenix SDR Recording Metadata
# Recording complete

[recording]
sample_rate_hz = 48000
center_freq_hz = 10000000
bandwidth_khz = 200
gain_reduction = 40
lna_state = 0

[timing]
time_source = GPS_PPS
start_time_us = 1765640513000000
start_time_utc = 2025-12-13T15:41:53.000Z
start_second = 53
offset_to_next_minute = 7.000000

[gps]
gps_time_utc = 2025-12-13T15:41:53.000Z
gps_time_us = 1765640513000000
satellites = 9
pc_offset_ms = 376.2
port = COM6
latency_ms = 302.0

[status]
recording_complete = true
sample_count = 1442255
duration_sec = 30.046979
end_time_us = 1765640543046979
end_time_utc = 

[gps_sync_log]
# GPS time samples during recording
# elapsed_sec, gps_unix, hour, minute, second, ms, satellites
sample_count = 14
valid_samples = 14

# Sample data
sync_000 = 2.0, 1765640514.000, 15:41:54.000, 9
sync_001 = 4.0, 1765640515.000, 15:41:55.000, 9
sync_002 = 6.0, 1765640516.000, 15:41:56.000, 9
sync_003 = 8.1, 1765640517.000, 15:41:57.000, 9
sync_004 = 10.1, 1765640518.000, 15:41:58.000, 9
sync_005 = 12.1, 1765640519.000, 15:41:59.000, 9
sync_006 = 14.1, 1765640520.000, 15:42:00.000, 9
sync_007 = 16.1, 1765640521.000, 15:42:01.000, 9
sync_008 = 18.1, 1765640522.000, 15:42:02.000, 9
sync_009 = 20.2, 1765640523.000, 15:42:03.000, 9
sync_010 = 22.2, 1765640524.000, 15:42:04.000, 9
sync_011 = 24.2, 1765640525.000, 15:42:05.000, 9
sync_012 = 26.2, 1765640526.000, 15:42:06.000, 9
sync_013 = 28.2, 1765640527.000, 15:42:07.000, 9
